0.387099    0.002924    0.000112    4.537856    1.221730    2.181662   
0.387099    0.003082    0.000146    0.750492    0.174533    4.660029   
0.387099    0.006588    0.000080    0.139626    1.989675    0.872665   
0.387099    0.007625    0.000029    4.607669    3.979351    3.787364   
0.387099    0.004137    0.000163    0.959931    0.017453    2.356194   
0.387099    0.003859    0.000012    3.438299    5.794493    3.019420   
0.387099    0.007322    0.000135    4.729842    1.588250    1.745329   
0.387099    0.007319    0.000162    5.672320    3.473205    3.124139   
0.387099    0.005200    0.000097    5.969026    1.762783    2.548181   
0.387099    0.006456    0.000104    0.680678    4.712389    0.087266     
0.387099    0.002924    0.000112    4.537856    1.221730    2.181662
0.387099    0.003082    0.000146    0.750492    0.174533    4.660029
0.387099    0.006588    0.000080    0.139626    1.989675    0.872665
0.387099    0.007625    0.000029    4.607669    3.979351    3.787364
0.387099    0.004137    0.000163    0.959931    0.017453    2.356194
0.387099    0.003859    0.000012    3.438299    5.794493    3.019420
0.387099    0.007322    0.000135    4.729842    1.588250    1.745329
0.387099    0.007319    0.000162    5.672320    3.473205    3.124139
0.387099    0.005200    0.000097    5.969026    1.762783    2.548181
0.387099    0.006456    0.000104    0.680678    4.712389    0.087266
0.387099    0.002924    0.000112    4.537856    1.221730    2.181662
0.387099    0.003082    0.000146    0.750492    0.174533    4.660029
0.387099    0.006588    0.000080    0.139626    1.989675    0.872665
0.387099    0.007625    0.000029    4.607669    3.979351    3.787364
0.387099    0.004137    0.000163    0.959931    0.017453    2.356194
0.387099    0.003859    0.000012    3.438299    5.794493    3.019420
0.387099    0.007322    0.000135    4.729842    1.588250    1.745329
0.387099    0.007319    0.000162    5.672320    3.473205    3.124139
0.387099    0.005200    0.000097    5.969026    1.762783    2.548181
0.387099    0.006456    0.000104    0.680678    4.712389    0.087266
0.387099    0.002924    0.000112    4.537856    1.221730    2.181662
0.387099    0.003082    0.000146    0.750492    0.174533    4.660029
0.387099    0.006588    0.000080    0.139626    1.989675    0.872665
0.387099    0.007625    0.000029    4.607669    3.979351    3.787364
0.387099    0.004137    0.000163    0.959931    0.017453    2.356194
0.387099    0.003859    0.000012    3.438299    5.794493    3.019420
0.387099    0.007322    0.000135    4.729842    1.588250    1.745329
0.387099    0.007319    0.000162    5.672320    3.473205    3.124139
0.387099    0.005200    0.000097    5.969026    1.762783    2.548181
0.387099    0.006456    0.000104    0.680678    4.712389    0.087266
0.387099    0.002924    0.000112    4.537856    1.221730    2.181662
0.387099    0.003082    0.000146    0.750492    0.174533    4.660029
0.387099    0.006588    0.000080    0.139626    1.989675    0.872665
0.387099    0.007625    0.000029    4.607669    3.979351    3.787364
0.387099    0.004137    0.000163    0.959931    0.017453    2.356194
0.387099    0.003859    0.000012    3.438299    5.794493    3.019420
0.387099    0.007322    0.000135    4.729842    1.588250    1.745329
0.387099    0.007319    0.000162    5.672320    3.473205    3.124139
0.387099    0.005200    0.000097    5.969026    1.762783    2.548181
0.387099    0.006456    0.000104    0.680678    4.712389    0.087266
0.387099    0.002924    0.000112    4.537856    1.221730    2.181662
0.387099    0.003082    0.000146    0.750492    0.174533    4.660029
0.387099    0.006588    0.000080    0.139626    1.989675    0.872665
0.387099    0.007625    0.000029    4.607669    3.979351    3.787364
0.387099    0.004137    0.000163    0.959931    0.017453    2.356194
0.387099    0.003859    0.000012    3.438299    5.794493    3.019420
0.387099    0.007322    0.000135    4.729842    1.588250    1.745329
0.387099    0.007319    0.000162    5.672320    3.473205    3.124139
0.387099    0.005200    0.000097    5.969026    1.762783    2.548181
0.387099    0.006456    0.000104    0.680678    4.712389    0.087266
0.387099    0.002924    0.000112    4.537856    1.221730    2.181662
0.387099    0.003082    0.000146    0.750492    0.174533    4.660029
0.387099    0.006588    0.000080    0.139626    1.989675    0.872665
0.387099    0.007625    0.000029    4.607669    3.979351    3.787364
0.387099    0.004137    0.000163    0.959931    0.017453    2.356194
0.387099    0.003859    0.000012    3.438299    5.794493    3.019420
0.387099    0.007322    0.000135    4.729842    1.588250    1.745329
0.387099    0.007319    0.000162    5.672320    3.473205    3.124139
0.387099    0.005200    0.000097    5.969026    1.762783    2.548181
0.387099    0.006456    0.000104    0.680678    4.712389    0.087266
0.387099    0.002924    0.000112    4.537856    1.221730    2.181662
0.387099    0.003082    0.000146    0.750492    0.174533    4.660029
0.387099    0.006588    0.000080    0.139626    1.989675    0.872665
0.387099    0.007625    0.000029    4.607669    3.979351    3.787364
0.387099    0.004137    0.000163    0.959931    0.017453    2.356194
0.387099    0.003859    0.000012    3.438299    5.794493    3.019420
0.387099    0.007322    0.000135    4.729842    1.588250    1.745329
0.387099    0.007319    0.000162    5.672320    3.473205    3.124139
0.387099    0.005200    0.000097    5.969026    1.762783    2.548181
0.387099    0.006456    0.000104    0.680678    4.712389    0.087266
0.387099    0.002924    0.000112    4.537856    1.221730    2.181662
0.387099    0.003082    0.000146    0.750492    0.174533    4.660029
0.387099    0.006588    0.000080    0.139626    1.989675    0.872665
0.387099    0.007625    0.000029    4.607669    3.979351    3.787364
0.387099    0.004137    0.000163    0.959931    0.017453    2.356194
0.387099    0.003859    0.000012    3.438299    5.794493    3.019420
0.387099    0.007322    0.000135    4.729842    1.588250    1.745329
0.387099    0.007319    0.000162    5.672320    3.473205    3.124139
0.387099    0.005200    0.000097    5.969026    1.762783    2.548181
0.387099    0.006456    0.000104    0.680678    4.712389    0.087266
0.387099    0.002924    0.000112    4.537856    1.221730    2.181662
0.387099    0.003082    0.000146    0.750492    0.174533    4.660029
0.387099    0.006588    0.000080    0.139626    1.989675    0.872665
0.387099    0.007625    0.000029    4.607669    3.979351    3.787364
0.387099    0.004137    0.000163    0.959931    0.017453    2.356194
0.387099    0.003859    0.000012    3.438299    5.794493    3.019420
0.387099    0.007322    0.000135    4.729842    1.588250    1.745329
0.387099    0.007319    0.000162    5.672320    3.473205    3.124139
0.387099    0.005200    0.000097    5.969026    1.762783    2.548181
0.387099    0.006456    0.000104    0.680678    4.712389    0.087266
