  0.38225469  0.05340981  0.00000004 -1.40040055 10.03085495  0.00001976
  0.38405902  0.03775110  0.00000008 -0.98838734 10.08132022  0.00002572
  0.38401731  0.02021662  0.00000003 -0.53338927 10.15132643  0.00001418
  0.37514541  0.08270523  0.00000003 -2.18570492  9.93820068  0.00000510
  0.38483895  0.02254800  0.00000005 -0.59138848 10.12315701  0.00002882
  0.37679080  0.08198573  0.00000001 -2.15337572  9.90623435  0.00000210
  0.38044261  0.05407192  0.00000005 -1.42919635 10.07187123  0.00002393
  0.37542682  0.08196470  0.00000013 -2.16583145  9.93942524  0.00002857
  0.37887442  0.06889861  0.00000005 -1.81389335  9.98780982  0.00001714
  0.38284117  0.03673845  0.00000006 -0.97080346 10.11752706  0.00001838
  0.38225469  0.05340981  0.00000004 -1.40040055 10.03085495  0.00001976
  0.38405902  0.03775110  0.00000008 -0.98838734 10.08132022  0.00002572
  0.38401731  0.02021662  0.00000003 -0.53338927 10.15132643  0.00001418
  0.37514541  0.08270523  0.00000003 -2.18570492  9.93820068  0.00000510
  0.38483895  0.02254800  0.00000005 -0.59138848 10.12315701  0.00002882
  0.37679080  0.08198573  0.00000001 -2.15337572  9.90623435  0.00000210
  0.38044261  0.05407192  0.00000005 -1.42919635 10.07187123  0.00002393
  0.37542682  0.08196470  0.00000013 -2.16583145  9.93942524  0.00002857
  0.37887442  0.06889861  0.00000005 -1.81389335  9.98780982  0.00001714
  0.38284117  0.03673845  0.00000006 -0.97080346 10.11752706  0.00001838
  0.38225469  0.05340981  0.00000004 -1.40040055 10.03085495  0.00001976
  0.38405902  0.03775110  0.00000008 -0.98838734 10.08132022  0.00002572
  0.38401731  0.02021662  0.00000003 -0.53338927 10.15132643  0.00001418
  0.37514541  0.08270523  0.00000003 -2.18570492  9.93820068  0.00000510
  0.38483895  0.02254800  0.00000005 -0.59138848 10.12315701  0.00002882
  0.37679080  0.08198573  0.00000001 -2.15337572  9.90623435  0.00000210
  0.38044261  0.05407192  0.00000005 -1.42919635 10.07187123  0.00002393
  0.37542682  0.08196470  0.00000013 -2.16583145  9.93942524  0.00002857
  0.37887442  0.06889861  0.00000005 -1.81389335  9.98780982  0.00001714
  0.38284117  0.03673845  0.00000006 -0.97080346 10.11752706  0.00001838
  0.38225469  0.05340981  0.00000004 -1.40040055 10.03085495  0.00001976
  0.38405902  0.03775110  0.00000008 -0.98838734 10.08132022  0.00002572
  0.38401731  0.02021662  0.00000003 -0.53338927 10.15132643  0.00001418
  0.37514541  0.08270523  0.00000003 -2.18570492  9.93820068  0.00000510
  0.38483895  0.02254800  0.00000005 -0.59138848 10.12315701  0.00002882
  0.37679080  0.08198573  0.00000001 -2.15337572  9.90623435  0.00000210
  0.38044261  0.05407192  0.00000005 -1.42919635 10.07187123  0.00002393
  0.37542682  0.08196470  0.00000013 -2.16583145  9.93942524  0.00002857
  0.37887442  0.06889861  0.00000005 -1.81389335  9.98780982  0.00001714
  0.38284117  0.03673845  0.00000006 -0.97080346 10.11752706  0.00001838
  0.38225469  0.05340981  0.00000004 -1.40040055 10.03085495  0.00001976
  0.38405902  0.03775110  0.00000008 -0.98838734 10.08132022  0.00002572
  0.38401731  0.02021662  0.00000003 -0.53338927 10.15132643  0.00001418
  0.37514541  0.08270523  0.00000003 -2.18570492  9.93820068  0.00000510
  0.38483895  0.02254800  0.00000005 -0.59138848 10.12315701  0.00002882
  0.37679080  0.08198573  0.00000001 -2.15337572  9.90623435  0.00000210
  0.38044261  0.05407192  0.00000005 -1.42919635 10.07187123  0.00002393
  0.37542682  0.08196470  0.00000013 -2.16583145  9.93942524  0.00002857
  0.37887442  0.06889861  0.00000005 -1.81389335  9.98780982  0.00001714
  0.38284117  0.03673845  0.00000006 -0.97080346 10.11752706  0.00001838
  0.38225469  0.05340981  0.00000004 -1.40040055 10.03085495  0.00001976
  0.38405902  0.03775110  0.00000008 -0.98838734 10.08132022  0.00002572
  0.38401731  0.02021662  0.00000003 -0.53338927 10.15132643  0.00001418
  0.37514541  0.08270523  0.00000003 -2.18570492  9.93820068  0.00000510
  0.38483895  0.02254800  0.00000005 -0.59138848 10.12315701  0.00002882
  0.37679080  0.08198573  0.00000001 -2.15337572  9.90623435  0.00000210
  0.38044261  0.05407192  0.00000005 -1.42919635 10.07187123  0.00002393
  0.37542682  0.08196470  0.00000013 -2.16583145  9.93942524  0.00002857
  0.37887442  0.06889861  0.00000005 -1.81389335  9.98780982  0.00001714
  0.38284117  0.03673845  0.00000006 -0.97080346 10.11752706  0.00001838
  0.38225469  0.05340981  0.00000004 -1.40040055 10.03085495  0.00001976
  0.38405902  0.03775110  0.00000008 -0.98838734 10.08132022  0.00002572
  0.38401731  0.02021662  0.00000003 -0.53338927 10.15132643  0.00001418
  0.37514541  0.08270523  0.00000003 -2.18570492  9.93820068  0.00000510
  0.38483895  0.02254800  0.00000005 -0.59138848 10.12315701  0.00002882
  0.37679080  0.08198573  0.00000001 -2.15337572  9.90623435  0.00000210
  0.38044261  0.05407192  0.00000005 -1.42919635 10.07187123  0.00002393
  0.37542682  0.08196470  0.00000013 -2.16583145  9.93942524  0.00002857
  0.37887442  0.06889861  0.00000005 -1.81389335  9.98780982  0.00001714
  0.38284117  0.03673845  0.00000006 -0.97080346 10.11752706  0.00001838
  0.38225469  0.05340981  0.00000004 -1.40040055 10.03085495  0.00001976
  0.38405902  0.03775110  0.00000008 -0.98838734 10.08132022  0.00002572
  0.38401731  0.02021662  0.00000003 -0.53338927 10.15132643  0.00001418
  0.37514541  0.08270523  0.00000003 -2.18570492  9.93820068  0.00000510
  0.38483895  0.02254800  0.00000005 -0.59138848 10.12315701  0.00002882
  0.37679080  0.08198573  0.00000001 -2.15337572  9.90623435  0.00000210
  0.38044261  0.05407192  0.00000005 -1.42919635 10.07187123  0.00002393
  0.37542682  0.08196470  0.00000013 -2.16583145  9.93942524  0.00002857
  0.37887442  0.06889861  0.00000005 -1.81389335  9.98780982  0.00001714
  0.38284117  0.03673845  0.00000006 -0.97080346 10.11752706  0.00001838
  0.38225469  0.05340981  0.00000004 -1.40040055 10.03085495  0.00001976
  0.38405902  0.03775110  0.00000008 -0.98838734 10.08132022  0.00002572
  0.38401731  0.02021662  0.00000003 -0.53338927 10.15132643  0.00001418
  0.37514541  0.08270523  0.00000003 -2.18570492  9.93820068  0.00000510
  0.38483895  0.02254800  0.00000005 -0.59138848 10.12315701  0.00002882
  0.37679080  0.08198573  0.00000001 -2.15337572  9.90623435  0.00000210
  0.38044261  0.05407192  0.00000005 -1.42919635 10.07187123  0.00002393
  0.37542682  0.08196470  0.00000013 -2.16583145  9.93942524  0.00002857
  0.37887442  0.06889861  0.00000005 -1.81389335  9.98780982  0.00001714
  0.38284117  0.03673845  0.00000006 -0.97080346 10.11752706  0.00001838
  0.38225469  0.05340981  0.00000004 -1.40040055 10.03085495  0.00001976
  0.38405902  0.03775110  0.00000008 -0.98838734 10.08132022  0.00002572
  0.38401731  0.02021662  0.00000003 -0.53338927 10.15132643  0.00001418
  0.37514541  0.08270523  0.00000003 -2.18570492  9.93820068  0.00000510
  0.38483895  0.02254800  0.00000005 -0.59138848 10.12315701  0.00002882
  0.37679080  0.08198573  0.00000001 -2.15337572  9.90623435  0.00000210
  0.38044261  0.05407192  0.00000005 -1.42919635 10.07187123  0.00002393
  0.37542682  0.08196470  0.00000013 -2.16583145  9.93942524  0.00002857
  0.37887442  0.06889861  0.00000005 -1.81389335  9.98780982  0.00001714
  0.38284117  0.03673845  0.00000006 -0.97080346 10.11752706  0.00001838
